SLengthWidthHeight
96 48 36
DDensity
0.0000026 0.0000026 0.0000026 0.0000026
0.0000026 0.0000026 0.0000026 0.0000026
0.0000026 0.0000026 0.0000026 0.0000026
TAverageDensity
0.00000232 0.00000232 0.00000232 0.00000232
0.00000222 0.00000222 0.00000222 0.00000222
0.00000215 0.00000215 0.00000215 0.00000215
N
DAverageDensityBlend
0.00001202 0.00001202 0.00001202
0.00001202 0.00001202 0.00001202
0.00001202 0.00001202 0.00001202
0.00001202 0.00001202 0.00001202
TEquipmentCapacity
0.05625 0.05625 0.05625 0.05625
0.05625 0.05625 0.05625 0.05625
0.05625 0.05625 0.05625 0.05625
N
0.01875 0.01875 0.01875 0.01875
0.018727499 0.018727499 0.018727499 0.018727499
0.009074999 0.009074999 0.009074999 0.009074999
N
0.01875 0.01875 0.01875 0.01875
0.01875 0.01875 0.01875 0.01875
0.01875 0.01875 0.01875 0.01875
N
0.01875 0.01875 0.01875 0.01875
0.01875 0.01875 0.01875 0.01875
0.01875 0.01875 0.01875 0.01875
N
0.01875 0.01875 0.01875 0.01875
0.01875 0.01875 0.01875 0.01875
0.01875 0.01875 0.01875 0.01875
N
0.01875 0.01875 0.01875 0.01875
0.011591251 0.011591251 0.011591251 0.011591251
0.00655875 0.00655875 0.00655875 0.00655875
N
0.01875 0.01875 0.01875 0.01875
0.01875 0.01875 0.01875 0.01875
0.01875 0.01875 0.01875 0.01875
N
0.01875 0.01875 0.01875 0.01875
0.01875 0.01875 0.01875 0.01875
0.01875 0.01875 0.01875 0.01875
N
0.01875 0.01875 0.01875 0.01875
0.01875 0.01875 0.01875 0.01875
0.01875 0.01875 0.01875 0.01875
N
0.01875 0.01875 0.01875 0.01875
0.01875 0.01875 0.01875 0.01875
0.01875 0.01875 0.01875 0.01875
N
0.01875 0.01875 0.01875 0.01875
0.01875 0.01875 0.01875 0.01875
0.01875 0.01875 0.01875 0.01875
N
0.01875 0.01875 0.01875 0.01875
0.01575 0.01575 0.01575 0.01575
0.01378125 0.01378125 0.01378125 0.01378125
N
DEquipmentCapacityBlend
0.01875 0.01875 0.01875
0.05625 0.05625 0.05625
0.05625 0.05625 0.05625
0.01875 0.01875 0.01875
0.05625 0.05625 0.05625
0.05625 0.05625 0.05625
0.01875 0.01875 0.01875
0.05625 0.05625 0.05625
0.05625 0.05625 0.05625
0.01875 0.01875 0.01875
0.05625 0.05625 0.05625
0.05625 0.05625 0.05625
DNumberOfBales
2 2 2 2
4 4 4 4
4 4 4 4
SDryMatterLoss
0.015 0.005
DBypassRatio
0.499777778 0.499777778 0.499777778 0.499777778
0.4498 0.4498 0.4498 0.4498
0.40482 0.40482 0.40482 0.40482
SMassCapacityInventory
2.0
SMassCapacityInventoryBlend
15.0 15.0 15.0 15.0
SVolumnCapacityInventory
869565.21
SVolumnCapacityInventoryBlend
1469767.68 1469767.68 1469767.68 1469767.68
DProcessingTimeOfBale
24 24 24 24
38 38 38 38
66 66 66 66
SAshContent
0.122 0.076 0.064 0.025
SThermalContent
0.57 0.57 0.57 0.57
SCarbohydrateContent
0.574 0.603 0.666 0.817
STargetAshThermalCarbohydrate
0.074 0.57 0.591
SReactorUpperLowerBigM
0.014167 0.01375 100