SLengthWidthHeight
96 48 36
DDensity
0.0000026 0.0000026 0.0000026 0.0000026
0.0000026 0.0000026 0.0000026 0.0000026
0.0000026 0.0000026 0.0000026 0.0000026
TAverageDensity
0.00000232 0.00000232 0.00000232 0.00000232
0.00000222 0.00000222 0.00000222 0.00000222
0.00000215 0.00000215 0.00000215 0.00000215
N
DAverageDensityBlend
0.00001202 0.00001202 0.00001202
0.00001202 0.00001202 0.00001202
0.00001202 0.00001202 0.00001202
0.00001202 0.00001202 0.00001202
TEquipmentCapacity
0.0625 0.0625 0.0625 0.0625
0.0625 0.0625 0.0625 0.0625
0.0625 0.0625 0.0625 0.0625
N
0.0208333333 0.0208333333 0.0208333333 0.0208333333
0.0208083325 0.0208083325 0.0208083325 0.0208083325
0.0100833325 0.0100833325 0.0100833325 0.0100833325
N
0.0208333333 0.0208333333 0.0208333333 0.0208333333
0.0208333333 0.0208333333 0.0208333333 0.0208333333
0.0208333333 0.0208333333 0.0208333333 0.0208333333
N
0.0208333333 0.0208333333 0.0208333333 0.0208333333
0.0208333333 0.0208333333 0.0208333333 0.0208333333
0.0208333333 0.0208333333 0.0208333333 0.0208333333
N
0.0208333333 0.0208333333 0.0208333333 0.0208333333
0.0208333333 0.0208333333 0.0208333333 0.0208333333
0.0208333333 0.0208333333 0.0208333333 0.0208333333
N
0.0208333333 0.0208333333 0.0208333333 0.0208333333
0.0128791675 0.0128791675 0.0128791675 0.0128791675
0.0072875 0.0072875 0.0072875 0.0072875
N
0.0208333333 0.0208333333 0.0208333333 0.0208333333
0.0208333333 0.0208333333 0.0208333333 0.0208333333
0.0208333333 0.0208333333 0.0208333333 0.0208333333
N
0.0208333333 0.0208333333 0.0208333333 0.0208333333
0.0208333333 0.0208333333 0.0208333333 0.0208333333
0.0208333333 0.0208333333 0.0208333333 0.0208333333
N
0.0208333333 0.0208333333 0.0208333333 0.0208333333
0.0208333333 0.0208333333 0.0208333333 0.0208333333
0.0208333333 0.0208333333 0.0208333333 0.0208333333
N
0.0208333333 0.0208333333 0.0208333333 0.0208333333
0.0208333333 0.0208333333 0.0208333333 0.0208333333
0.0208333333 0.0208333333 0.0208333333 0.0208333333
N
0.0208333333 0.0208333333 0.0208333333 0.0208333333
0.0208333333 0.0208333333 0.0208333333 0.0208333333
0.0208333333 0.0208333333 0.0208333333 0.0208333333
N
0.0208333333 0.0208333333 0.0208333333 0.0208333333
0.0175 0.0175 0.0175 0.0175
0.0153125 0.0153125 0.0153125 0.0153125
N
DEquipmentCapacityBlend
0.0208333333 0.0208333333 0.0208333333
0.0625 0.0625 0.0625
0.0625 0.0625 0.0625
0.0208333333 0.0208333333 0.0208333333
0.0625 0.0625 0.0625
0.0625 0.0625 0.0625
0.0208333333 0.0208333333 0.0208333333
0.0625 0.0625 0.0625
0.0625 0.0625 0.0625
0.0208333333 0.0208333333 0.0208333333
0.0625 0.0625 0.0625
0.0625 0.0625 0.0625
DNumberOfBales
2 2 2 2
4 4 4 4
4 4 4 4
SDryMatterLoss
0.015 0.005
DBypassRatio
0.499777778 0.499777778 0.499777778 0.499777778
0.4498 0.4498 0.4498 0.4498
0.40482 0.40482 0.40482 0.40482
SMassCapacityInventory
2.0
SMassCapacityInventoryBlend
15.0 15.0 15.0 15.0
SVolumnCapacityInventory
869565.21
SVolumnCapacityInventoryBlend
1469767.68 1469767.68 1469767.68 1469767.68
DProcessingTimeOfBale
21 21 21 21
34 34 34 34
60 60 60 60
SAshContent
0.122 0.076 0.064 0.025
SThermalContent
0.57 0.57 0.57 0.57
SCarbohydrateContent
0.574 0.603 0.666 0.817
STargetAshThermalCarbohydrate
0.074 0.57 0.591
SReactorUpperLowerBigM
0.014167 0.01375 100